(kicad_pcb (version 20170123) (host pcbnew no-vcs-found-01f5a12~58~ubuntu16.10.1)

  (general
    (links 0)
    (no_connects 0)
    (area 29 19.3 68.560715 58.1425)
    (thickness 1.6)
    (drawings 7)
    (tracks 16)
    (zones 0)
    (modules 12)
    (nets 1)
  )

  (page A4)
  (layers
    (0 F.Cu signal)
    (31 B.Cu signal)
    (32 B.Adhes user)
    (33 F.Adhes user)
    (34 B.Paste user)
    (35 F.Paste user)
    (36 B.SilkS user)
    (37 F.SilkS user)
    (38 B.Mask user)
    (39 F.Mask user)
    (40 Dwgs.User user)
    (41 Cmts.User user)
    (42 Eco1.User user)
    (43 Eco2.User user)
    (44 Edge.Cuts user)
    (45 Margin user)
    (46 B.CrtYd user)
    (47 F.CrtYd user)
    (48 B.Fab user)
    (49 F.Fab user)
  )

  (setup
    (last_trace_width 0.25)
    (trace_clearance 0.2)
    (zone_clearance 0.508)
    (zone_45_only no)
    (trace_min 0.2)
    (segment_width 0.2)
    (edge_width 0.15)
    (via_size 0.8)
    (via_drill 0.4)
    (via_min_size 0.4)
    (via_min_drill 0.3)
    (uvia_size 0.3)
    (uvia_drill 0.1)
    (uvias_allowed no)
    (uvia_min_size 0.2)
    (uvia_min_drill 0.1)
    (pcb_text_width 0.3)
    (pcb_text_size 1.5 1.5)
    (mod_edge_width 0.15)
    (mod_text_size 1 1)
    (mod_text_width 0.15)
    (pad_size 1.524 1.524)
    (pad_drill 0.762)
    (pad_to_mask_clearance 0.2)
    (aux_axis_origin 41 57)
    (visible_elements FFFFFF7F)
    (pcbplotparams
      (layerselection 0x00000_7fffffff)
      (usegerberextensions false)
      (excludeedgelayer true)
      (linewidth 0.100000)
      (plotframeref false)
      (viasonmask false)
      (mode 1)
      (useauxorigin true)
      (hpglpennumber 1)
      (hpglpenspeed 20)
      (hpglpendiameter 15)
      (psnegative false)
      (psa4output false)
      (plotreference true)
      (plotvalue true)
      (plotinvisibletext false)
      (padsonsilk false)
      (subtractmaskfromsilk false)
      (outputformat 1)
      (mirror false)
      (drillshape 0)
      (scaleselection 1)
      (outputdirectory gerber/))
  )

  (net 0 "")

  (net_class Default "This is the default net class."
    (clearance 0.2)
    (trace_width 0.25)
    (via_dia 0.8)
    (via_drill 0.4)
    (uvia_dia 0.3)
    (uvia_drill 0.1)
  )

  (module Housings_SOIC:SOIC-8_3.9x4.9mm_Pitch1.27mm (layer F.Cu) (tedit 58CD0CDA) (tstamp 58F7EC8C)
    (at 46 50)
    (descr "8-Lead Plastic Small Outline (SN) - Narrow, 3.90 mm Body [SOIC] (see Microchip Packaging Specification 00000049BS.pdf)")
    (tags "SOIC 1.27")
    (attr smd)
    (fp_text reference REF** (at 0 -3.5) (layer F.SilkS)
      (effects (font (size 1 1) (thickness 0.15)))
    )
    (fp_text value SOIC-8_3.9x4.9mm_Pitch1.27mm (at 0 3.5) (layer F.Fab)
      (effects (font (size 1 1) (thickness 0.15)))
    )
    (fp_text user %R (at 0 0) (layer F.Fab)
      (effects (font (size 1 1) (thickness 0.15)))
    )
    (fp_line (start -0.95 -2.45) (end 1.95 -2.45) (layer F.Fab) (width 0.1))
    (fp_line (start 1.95 -2.45) (end 1.95 2.45) (layer F.Fab) (width 0.1))
    (fp_line (start 1.95 2.45) (end -1.95 2.45) (layer F.Fab) (width 0.1))
    (fp_line (start -1.95 2.45) (end -1.95 -1.45) (layer F.Fab) (width 0.1))
    (fp_line (start -1.95 -1.45) (end -0.95 -2.45) (layer F.Fab) (width 0.1))
    (fp_line (start -3.73 -2.7) (end -3.73 2.7) (layer F.CrtYd) (width 0.05))
    (fp_line (start 3.73 -2.7) (end 3.73 2.7) (layer F.CrtYd) (width 0.05))
    (fp_line (start -3.73 -2.7) (end 3.73 -2.7) (layer F.CrtYd) (width 0.05))
    (fp_line (start -3.73 2.7) (end 3.73 2.7) (layer F.CrtYd) (width 0.05))
    (fp_line (start -2.075 -2.575) (end -2.075 -2.525) (layer F.SilkS) (width 0.15))
    (fp_line (start 2.075 -2.575) (end 2.075 -2.43) (layer F.SilkS) (width 0.15))
    (fp_line (start 2.075 2.575) (end 2.075 2.43) (layer F.SilkS) (width 0.15))
    (fp_line (start -2.075 2.575) (end -2.075 2.43) (layer F.SilkS) (width 0.15))
    (fp_line (start -2.075 -2.575) (end 2.075 -2.575) (layer F.SilkS) (width 0.15))
    (fp_line (start -2.075 2.575) (end 2.075 2.575) (layer F.SilkS) (width 0.15))
    (fp_line (start -2.075 -2.525) (end -3.475 -2.525) (layer F.SilkS) (width 0.15))
    (pad 1 smd rect (at -2.7 -1.905) (size 1.55 0.6) (layers F.Cu F.Paste F.Mask))
    (pad 2 smd rect (at -2.7 -0.635) (size 1.55 0.6) (layers F.Cu F.Paste F.Mask))
    (pad 3 smd rect (at -2.7 0.635) (size 1.55 0.6) (layers F.Cu F.Paste F.Mask))
    (pad 4 smd rect (at -2.7 1.905) (size 1.55 0.6) (layers F.Cu F.Paste F.Mask))
    (pad 5 smd rect (at 2.7 1.905) (size 1.55 0.6) (layers F.Cu F.Paste F.Mask))
    (pad 6 smd rect (at 2.7 0.635) (size 1.55 0.6) (layers F.Cu F.Paste F.Mask))
    (pad 7 smd rect (at 2.7 -0.635) (size 1.55 0.6) (layers F.Cu F.Paste F.Mask))
    (pad 8 smd rect (at 2.7 -1.905) (size 1.55 0.6) (layers F.Cu F.Paste F.Mask))
    (model Housings_SOIC.3dshapes/SOIC-8_3.9x4.9mm_Pitch1.27mm.wrl
      (at (xyz 0 0 0))
      (scale (xyz 1 1 1))
      (rotate (xyz 0 0 0))
    )
  )

  (module Housings_QFP:TQFP-32_7x7mm_Pitch0.8mm (layer F.Cu) (tedit 58CC9A48) (tstamp 58F7C4C4)
    (at 57 51)
    (descr "32-Lead Plastic Thin Quad Flatpack (PT) - 7x7x1.0 mm Body, 2.00 mm [TQFP] (see Microchip Packaging Specification 00000049BS.pdf)")
    (tags "QFP 0.8")
    (attr smd)
    (fp_text reference REF** (at 0 -6.05) (layer F.SilkS)
      (effects (font (size 1 1) (thickness 0.15)))
    )
    (fp_text value TQFP-32_7x7mm_Pitch0.8mm (at 0 6.05) (layer F.Fab)
      (effects (font (size 1 1) (thickness 0.15)))
    )
    (fp_text user %R (at 0 0) (layer F.Fab)
      (effects (font (size 1 1) (thickness 0.15)))
    )
    (fp_line (start -2.5 -3.5) (end 3.5 -3.5) (layer F.Fab) (width 0.15))
    (fp_line (start 3.5 -3.5) (end 3.5 3.5) (layer F.Fab) (width 0.15))
    (fp_line (start 3.5 3.5) (end -3.5 3.5) (layer F.Fab) (width 0.15))
    (fp_line (start -3.5 3.5) (end -3.5 -2.5) (layer F.Fab) (width 0.15))
    (fp_line (start -3.5 -2.5) (end -2.5 -3.5) (layer F.Fab) (width 0.15))
    (fp_line (start -5.3 -5.3) (end -5.3 5.3) (layer F.CrtYd) (width 0.05))
    (fp_line (start 5.3 -5.3) (end 5.3 5.3) (layer F.CrtYd) (width 0.05))
    (fp_line (start -5.3 -5.3) (end 5.3 -5.3) (layer F.CrtYd) (width 0.05))
    (fp_line (start -5.3 5.3) (end 5.3 5.3) (layer F.CrtYd) (width 0.05))
    (fp_line (start -3.625 -3.625) (end -3.625 -3.4) (layer F.SilkS) (width 0.15))
    (fp_line (start 3.625 -3.625) (end 3.625 -3.3) (layer F.SilkS) (width 0.15))
    (fp_line (start 3.625 3.625) (end 3.625 3.3) (layer F.SilkS) (width 0.15))
    (fp_line (start -3.625 3.625) (end -3.625 3.3) (layer F.SilkS) (width 0.15))
    (fp_line (start -3.625 -3.625) (end -3.3 -3.625) (layer F.SilkS) (width 0.15))
    (fp_line (start -3.625 3.625) (end -3.3 3.625) (layer F.SilkS) (width 0.15))
    (fp_line (start 3.625 3.625) (end 3.3 3.625) (layer F.SilkS) (width 0.15))
    (fp_line (start 3.625 -3.625) (end 3.3 -3.625) (layer F.SilkS) (width 0.15))
    (fp_line (start -3.625 -3.4) (end -5.05 -3.4) (layer F.SilkS) (width 0.15))
    (pad 1 smd rect (at -4.25 -2.8) (size 1.6 0.55) (layers F.Cu F.Paste F.Mask))
    (pad 2 smd rect (at -4.25 -2) (size 1.6 0.55) (layers F.Cu F.Paste F.Mask))
    (pad 3 smd rect (at -4.25 -1.2) (size 1.6 0.55) (layers F.Cu F.Paste F.Mask))
    (pad 4 smd rect (at -4.25 -0.4) (size 1.6 0.55) (layers F.Cu F.Paste F.Mask))
    (pad 5 smd rect (at -4.25 0.4) (size 1.6 0.55) (layers F.Cu F.Paste F.Mask))
    (pad 6 smd rect (at -4.25 1.2) (size 1.6 0.55) (layers F.Cu F.Paste F.Mask))
    (pad 7 smd rect (at -4.25 2) (size 1.6 0.55) (layers F.Cu F.Paste F.Mask))
    (pad 8 smd rect (at -4.25 2.8) (size 1.6 0.55) (layers F.Cu F.Paste F.Mask))
    (pad 9 smd rect (at -2.8 4.25 90) (size 1.6 0.55) (layers F.Cu F.Paste F.Mask))
    (pad 10 smd rect (at -2 4.25 90) (size 1.6 0.55) (layers F.Cu F.Paste F.Mask))
    (pad 11 smd rect (at -1.2 4.25 90) (size 1.6 0.55) (layers F.Cu F.Paste F.Mask))
    (pad 12 smd rect (at -0.4 4.25 90) (size 1.6 0.55) (layers F.Cu F.Paste F.Mask))
    (pad 13 smd rect (at 0.4 4.25 90) (size 1.6 0.55) (layers F.Cu F.Paste F.Mask))
    (pad 14 smd rect (at 1.2 4.25 90) (size 1.6 0.55) (layers F.Cu F.Paste F.Mask))
    (pad 15 smd rect (at 2 4.25 90) (size 1.6 0.55) (layers F.Cu F.Paste F.Mask))
    (pad 16 smd rect (at 2.8 4.25 90) (size 1.6 0.55) (layers F.Cu F.Paste F.Mask))
    (pad 17 smd rect (at 4.25 2.8) (size 1.6 0.55) (layers F.Cu F.Paste F.Mask))
    (pad 18 smd rect (at 4.25 2) (size 1.6 0.55) (layers F.Cu F.Paste F.Mask))
    (pad 19 smd rect (at 4.25 1.2) (size 1.6 0.55) (layers F.Cu F.Paste F.Mask))
    (pad 20 smd rect (at 4.25 0.4) (size 1.6 0.55) (layers F.Cu F.Paste F.Mask))
    (pad 21 smd rect (at 4.25 -0.4) (size 1.6 0.55) (layers F.Cu F.Paste F.Mask))
    (pad 22 smd rect (at 4.25 -1.2) (size 1.6 0.55) (layers F.Cu F.Paste F.Mask))
    (pad 23 smd rect (at 4.25 -2) (size 1.6 0.55) (layers F.Cu F.Paste F.Mask))
    (pad 24 smd rect (at 4.25 -2.8) (size 1.6 0.55) (layers F.Cu F.Paste F.Mask))
    (pad 25 smd rect (at 2.8 -4.25 90) (size 1.6 0.55) (layers F.Cu F.Paste F.Mask))
    (pad 26 smd rect (at 2 -4.25 90) (size 1.6 0.55) (layers F.Cu F.Paste F.Mask))
    (pad 27 smd rect (at 1.2 -4.25 90) (size 1.6 0.55) (layers F.Cu F.Paste F.Mask))
    (pad 28 smd rect (at 0.4 -4.25 90) (size 1.6 0.55) (layers F.Cu F.Paste F.Mask))
    (pad 29 smd rect (at -0.4 -4.25 90) (size 1.6 0.55) (layers F.Cu F.Paste F.Mask))
    (pad 30 smd rect (at -1.2 -4.25 90) (size 1.6 0.55) (layers F.Cu F.Paste F.Mask))
    (pad 31 smd rect (at -2 -4.25 90) (size 1.6 0.55) (layers F.Cu F.Paste F.Mask))
    (pad 32 smd rect (at -2.8 -4.25 90) (size 1.6 0.55) (layers F.Cu F.Paste F.Mask))
    (model Housings_QFP.3dshapes/TQFP-32_7x7mm_Pitch0.8mm.wrl
      (at (xyz 0 0 0))
      (scale (xyz 1 1 1))
      (rotate (xyz 0 0 0))
    )
  )

  (module TO_SOT_Packages_SMD:SOT-23 (layer F.Cu) (tedit 58CE4E7E) (tstamp 58F7528E)
    (at 51 36 180)
    (descr "SOT-23, Standard")
    (tags SOT-23)
    (attr smd)
    (fp_text reference REF** (at 0 -2.5 180) (layer F.SilkS)
      (effects (font (size 1 1) (thickness 0.15)))
    )
    (fp_text value SOT-23 (at 0 2.5 180) (layer F.Fab)
      (effects (font (size 1 1) (thickness 0.15)))
    )
    (fp_text user %R (at 0 0 180) (layer F.Fab)
      (effects (font (size 0.5 0.5) (thickness 0.075)))
    )
    (fp_line (start -0.7 -0.95) (end -0.7 1.5) (layer F.Fab) (width 0.1))
    (fp_line (start -0.15 -1.52) (end 0.7 -1.52) (layer F.Fab) (width 0.1))
    (fp_line (start -0.7 -0.95) (end -0.15 -1.52) (layer F.Fab) (width 0.1))
    (fp_line (start 0.7 -1.52) (end 0.7 1.52) (layer F.Fab) (width 0.1))
    (fp_line (start -0.7 1.52) (end 0.7 1.52) (layer F.Fab) (width 0.1))
    (fp_line (start 0.76 1.58) (end 0.76 0.65) (layer F.SilkS) (width 0.12))
    (fp_line (start 0.76 -1.58) (end 0.76 -0.65) (layer F.SilkS) (width 0.12))
    (fp_line (start -1.7 -1.75) (end 1.7 -1.75) (layer F.CrtYd) (width 0.05))
    (fp_line (start 1.7 -1.75) (end 1.7 1.75) (layer F.CrtYd) (width 0.05))
    (fp_line (start 1.7 1.75) (end -1.7 1.75) (layer F.CrtYd) (width 0.05))
    (fp_line (start -1.7 1.75) (end -1.7 -1.75) (layer F.CrtYd) (width 0.05))
    (fp_line (start 0.76 -1.58) (end -1.4 -1.58) (layer F.SilkS) (width 0.12))
    (fp_line (start 0.76 1.58) (end -0.7 1.58) (layer F.SilkS) (width 0.12))
    (pad 1 smd rect (at -1 -0.95 180) (size 0.9 0.8) (layers F.Cu F.Paste F.Mask))
    (pad 2 smd rect (at -1 0.95 180) (size 0.9 0.8) (layers F.Cu F.Paste F.Mask))
    (pad 3 smd rect (at 1 0 180) (size 0.9 0.8) (layers F.Cu F.Paste F.Mask))
    (model ${KISYS3DMOD}/TO_SOT_Packages_SMD.3dshapes/SOT-23.wrl
      (at (xyz 0 0 0))
      (scale (xyz 1 1 1))
      (rotate (xyz 0 0 0))
    )
  )

  (module TO_SOT_Packages_SMD:SOT-23 (layer F.Cu) (tedit 58CE4E7E) (tstamp 58F7527A)
    (at 44 36)
    (descr "SOT-23, Standard")
    (tags SOT-23)
    (attr smd)
    (fp_text reference REF** (at 0 -2.5) (layer F.SilkS)
      (effects (font (size 1 1) (thickness 0.15)))
    )
    (fp_text value SOT-23 (at 0 2.5) (layer F.Fab)
      (effects (font (size 1 1) (thickness 0.15)))
    )
    (fp_line (start 0.76 1.58) (end -0.7 1.58) (layer F.SilkS) (width 0.12))
    (fp_line (start 0.76 -1.58) (end -1.4 -1.58) (layer F.SilkS) (width 0.12))
    (fp_line (start -1.7 1.75) (end -1.7 -1.75) (layer F.CrtYd) (width 0.05))
    (fp_line (start 1.7 1.75) (end -1.7 1.75) (layer F.CrtYd) (width 0.05))
    (fp_line (start 1.7 -1.75) (end 1.7 1.75) (layer F.CrtYd) (width 0.05))
    (fp_line (start -1.7 -1.75) (end 1.7 -1.75) (layer F.CrtYd) (width 0.05))
    (fp_line (start 0.76 -1.58) (end 0.76 -0.65) (layer F.SilkS) (width 0.12))
    (fp_line (start 0.76 1.58) (end 0.76 0.65) (layer F.SilkS) (width 0.12))
    (fp_line (start -0.7 1.52) (end 0.7 1.52) (layer F.Fab) (width 0.1))
    (fp_line (start 0.7 -1.52) (end 0.7 1.52) (layer F.Fab) (width 0.1))
    (fp_line (start -0.7 -0.95) (end -0.15 -1.52) (layer F.Fab) (width 0.1))
    (fp_line (start -0.15 -1.52) (end 0.7 -1.52) (layer F.Fab) (width 0.1))
    (fp_line (start -0.7 -0.95) (end -0.7 1.5) (layer F.Fab) (width 0.1))
    (fp_text user %R (at 0 0) (layer F.Fab)
      (effects (font (size 0.5 0.5) (thickness 0.075)))
    )
    (pad 3 smd rect (at 1 0) (size 0.9 0.8) (layers F.Cu F.Paste F.Mask))
    (pad 2 smd rect (at -1 0.95) (size 0.9 0.8) (layers F.Cu F.Paste F.Mask))
    (pad 1 smd rect (at -1 -0.95) (size 0.9 0.8) (layers F.Cu F.Paste F.Mask))
    (model ${KISYS3DMOD}/TO_SOT_Packages_SMD.3dshapes/SOT-23.wrl
      (at (xyz 0 0 0))
      (scale (xyz 1 1 1))
      (rotate (xyz 0 0 0))
    )
  )

  (module TO_SOT_Packages_SMD:SOT-23 (layer F.Cu) (tedit 58CE4E7E) (tstamp 58F7511B)
    (at 51 44 180)
    (descr "SOT-23, Standard")
    (tags SOT-23)
    (attr smd)
    (fp_text reference REF** (at 0 -2.5 180) (layer F.SilkS)
      (effects (font (size 1 1) (thickness 0.15)))
    )
    (fp_text value SOT-23 (at 0 2.5 180) (layer F.Fab)
      (effects (font (size 1 1) (thickness 0.15)))
    )
    (fp_text user %R (at 0 0 180) (layer F.Fab)
      (effects (font (size 0.5 0.5) (thickness 0.075)))
    )
    (fp_line (start -0.7 -0.95) (end -0.7 1.5) (layer F.Fab) (width 0.1))
    (fp_line (start -0.15 -1.52) (end 0.7 -1.52) (layer F.Fab) (width 0.1))
    (fp_line (start -0.7 -0.95) (end -0.15 -1.52) (layer F.Fab) (width 0.1))
    (fp_line (start 0.7 -1.52) (end 0.7 1.52) (layer F.Fab) (width 0.1))
    (fp_line (start -0.7 1.52) (end 0.7 1.52) (layer F.Fab) (width 0.1))
    (fp_line (start 0.76 1.58) (end 0.76 0.65) (layer F.SilkS) (width 0.12))
    (fp_line (start 0.76 -1.58) (end 0.76 -0.65) (layer F.SilkS) (width 0.12))
    (fp_line (start -1.7 -1.75) (end 1.7 -1.75) (layer F.CrtYd) (width 0.05))
    (fp_line (start 1.7 -1.75) (end 1.7 1.75) (layer F.CrtYd) (width 0.05))
    (fp_line (start 1.7 1.75) (end -1.7 1.75) (layer F.CrtYd) (width 0.05))
    (fp_line (start -1.7 1.75) (end -1.7 -1.75) (layer F.CrtYd) (width 0.05))
    (fp_line (start 0.76 -1.58) (end -1.4 -1.58) (layer F.SilkS) (width 0.12))
    (fp_line (start 0.76 1.58) (end -0.7 1.58) (layer F.SilkS) (width 0.12))
    (pad 1 smd rect (at -1 -0.95 180) (size 0.9 0.8) (layers F.Cu F.Paste F.Mask))
    (pad 2 smd rect (at -1 0.95 180) (size 0.9 0.8) (layers F.Cu F.Paste F.Mask))
    (pad 3 smd rect (at 1 0 180) (size 0.9 0.8) (layers F.Cu F.Paste F.Mask))
    (model ${KISYS3DMOD}/TO_SOT_Packages_SMD.3dshapes/SOT-23.wrl
      (at (xyz 0 0 0))
      (scale (xyz 1 1 1))
      (rotate (xyz 0 0 0))
    )
  )

  (module TO_SOT_Packages_SMD:SOT-23 (layer F.Cu) (tedit 58CE4E7E) (tstamp 58F75107)
    (at 44 44)
    (descr "SOT-23, Standard")
    (tags SOT-23)
    (attr smd)
    (fp_text reference REF** (at 0 -2.5) (layer F.SilkS)
      (effects (font (size 1 1) (thickness 0.15)))
    )
    (fp_text value SOT-23 (at 0 2.5) (layer F.Fab)
      (effects (font (size 1 1) (thickness 0.15)))
    )
    (fp_line (start 0.76 1.58) (end -0.7 1.58) (layer F.SilkS) (width 0.12))
    (fp_line (start 0.76 -1.58) (end -1.4 -1.58) (layer F.SilkS) (width 0.12))
    (fp_line (start -1.7 1.75) (end -1.7 -1.75) (layer F.CrtYd) (width 0.05))
    (fp_line (start 1.7 1.75) (end -1.7 1.75) (layer F.CrtYd) (width 0.05))
    (fp_line (start 1.7 -1.75) (end 1.7 1.75) (layer F.CrtYd) (width 0.05))
    (fp_line (start -1.7 -1.75) (end 1.7 -1.75) (layer F.CrtYd) (width 0.05))
    (fp_line (start 0.76 -1.58) (end 0.76 -0.65) (layer F.SilkS) (width 0.12))
    (fp_line (start 0.76 1.58) (end 0.76 0.65) (layer F.SilkS) (width 0.12))
    (fp_line (start -0.7 1.52) (end 0.7 1.52) (layer F.Fab) (width 0.1))
    (fp_line (start 0.7 -1.52) (end 0.7 1.52) (layer F.Fab) (width 0.1))
    (fp_line (start -0.7 -0.95) (end -0.15 -1.52) (layer F.Fab) (width 0.1))
    (fp_line (start -0.15 -1.52) (end 0.7 -1.52) (layer F.Fab) (width 0.1))
    (fp_line (start -0.7 -0.95) (end -0.7 1.5) (layer F.Fab) (width 0.1))
    (fp_text user %R (at 0 0) (layer F.Fab)
      (effects (font (size 0.5 0.5) (thickness 0.075)))
    )
    (pad 3 smd rect (at 1 0) (size 0.9 0.8) (layers F.Cu F.Paste F.Mask))
    (pad 2 smd rect (at -1 0.95) (size 0.9 0.8) (layers F.Cu F.Paste F.Mask))
    (pad 1 smd rect (at -1 -0.95) (size 0.9 0.8) (layers F.Cu F.Paste F.Mask))
    (model ${KISYS3DMOD}/TO_SOT_Packages_SMD.3dshapes/SOT-23.wrl
      (at (xyz 0 0 0))
      (scale (xyz 1 1 1))
      (rotate (xyz 0 0 0))
    )
  )

  (module TO_SOT_Packages_SMD:SOT-23 (layer F.Cu) (tedit 58CE4E7E) (tstamp 58F7509A)
    (at 44 40)
    (descr "SOT-23, Standard")
    (tags SOT-23)
    (attr smd)
    (fp_text reference REF** (at 0 -2.5) (layer F.SilkS)
      (effects (font (size 1 1) (thickness 0.15)))
    )
    (fp_text value SOT-23 (at 0 2.5) (layer F.Fab)
      (effects (font (size 1 1) (thickness 0.15)))
    )
    (fp_text user %R (at 0 0) (layer F.Fab)
      (effects (font (size 0.5 0.5) (thickness 0.075)))
    )
    (fp_line (start -0.7 -0.95) (end -0.7 1.5) (layer F.Fab) (width 0.1))
    (fp_line (start -0.15 -1.52) (end 0.7 -1.52) (layer F.Fab) (width 0.1))
    (fp_line (start -0.7 -0.95) (end -0.15 -1.52) (layer F.Fab) (width 0.1))
    (fp_line (start 0.7 -1.52) (end 0.7 1.52) (layer F.Fab) (width 0.1))
    (fp_line (start -0.7 1.52) (end 0.7 1.52) (layer F.Fab) (width 0.1))
    (fp_line (start 0.76 1.58) (end 0.76 0.65) (layer F.SilkS) (width 0.12))
    (fp_line (start 0.76 -1.58) (end 0.76 -0.65) (layer F.SilkS) (width 0.12))
    (fp_line (start -1.7 -1.75) (end 1.7 -1.75) (layer F.CrtYd) (width 0.05))
    (fp_line (start 1.7 -1.75) (end 1.7 1.75) (layer F.CrtYd) (width 0.05))
    (fp_line (start 1.7 1.75) (end -1.7 1.75) (layer F.CrtYd) (width 0.05))
    (fp_line (start -1.7 1.75) (end -1.7 -1.75) (layer F.CrtYd) (width 0.05))
    (fp_line (start 0.76 -1.58) (end -1.4 -1.58) (layer F.SilkS) (width 0.12))
    (fp_line (start 0.76 1.58) (end -0.7 1.58) (layer F.SilkS) (width 0.12))
    (pad 1 smd rect (at -1 -0.95) (size 0.9 0.8) (layers F.Cu F.Paste F.Mask))
    (pad 2 smd rect (at -1 0.95) (size 0.9 0.8) (layers F.Cu F.Paste F.Mask))
    (pad 3 smd rect (at 1 0) (size 0.9 0.8) (layers F.Cu F.Paste F.Mask))
    (model ${KISYS3DMOD}/TO_SOT_Packages_SMD.3dshapes/SOT-23.wrl
      (at (xyz 0 0 0))
      (scale (xyz 1 1 1))
      (rotate (xyz 0 0 0))
    )
  )

  (module TO_SOT_Packages_SMD:SOT-23 (layer F.Cu) (tedit 58CE4E7E) (tstamp 58F75086)
    (at 51 40 180)
    (descr "SOT-23, Standard")
    (tags SOT-23)
    (attr smd)
    (fp_text reference REF** (at 0 -2.5 180) (layer F.SilkS)
      (effects (font (size 1 1) (thickness 0.15)))
    )
    (fp_text value SOT-23 (at 0 2.5 180) (layer F.Fab)
      (effects (font (size 1 1) (thickness 0.15)))
    )
    (fp_line (start 0.76 1.58) (end -0.7 1.58) (layer F.SilkS) (width 0.12))
    (fp_line (start 0.76 -1.58) (end -1.4 -1.58) (layer F.SilkS) (width 0.12))
    (fp_line (start -1.7 1.75) (end -1.7 -1.75) (layer F.CrtYd) (width 0.05))
    (fp_line (start 1.7 1.75) (end -1.7 1.75) (layer F.CrtYd) (width 0.05))
    (fp_line (start 1.7 -1.75) (end 1.7 1.75) (layer F.CrtYd) (width 0.05))
    (fp_line (start -1.7 -1.75) (end 1.7 -1.75) (layer F.CrtYd) (width 0.05))
    (fp_line (start 0.76 -1.58) (end 0.76 -0.65) (layer F.SilkS) (width 0.12))
    (fp_line (start 0.76 1.58) (end 0.76 0.65) (layer F.SilkS) (width 0.12))
    (fp_line (start -0.7 1.52) (end 0.7 1.52) (layer F.Fab) (width 0.1))
    (fp_line (start 0.7 -1.52) (end 0.7 1.52) (layer F.Fab) (width 0.1))
    (fp_line (start -0.7 -0.95) (end -0.15 -1.52) (layer F.Fab) (width 0.1))
    (fp_line (start -0.15 -1.52) (end 0.7 -1.52) (layer F.Fab) (width 0.1))
    (fp_line (start -0.7 -0.95) (end -0.7 1.5) (layer F.Fab) (width 0.1))
    (fp_text user %R (at 0 0 180) (layer F.Fab)
      (effects (font (size 0.5 0.5) (thickness 0.075)))
    )
    (pad 3 smd rect (at 1 0 180) (size 0.9 0.8) (layers F.Cu F.Paste F.Mask))
    (pad 2 smd rect (at -1 0.95 180) (size 0.9 0.8) (layers F.Cu F.Paste F.Mask))
    (pad 1 smd rect (at -1 -0.95 180) (size 0.9 0.8) (layers F.Cu F.Paste F.Mask))
    (model ${KISYS3DMOD}/TO_SOT_Packages_SMD.3dshapes/SOT-23.wrl
      (at (xyz 0 0 0))
      (scale (xyz 1 1 1))
      (rotate (xyz 0 0 0))
    )
  )

  (module TO_SOT_Packages_SMD:SOT-23 (layer F.Cu) (tedit 58CE4E7E) (tstamp 58F75013)
    (at 51 28 180)
    (descr "SOT-23, Standard")
    (tags SOT-23)
    (attr smd)
    (fp_text reference REF** (at 0 -2.5 180) (layer F.SilkS)
      (effects (font (size 1 1) (thickness 0.15)))
    )
    (fp_text value SOT-23 (at 0 2.5 180) (layer F.Fab)
      (effects (font (size 1 1) (thickness 0.15)))
    )
    (fp_text user %R (at 0 0 180) (layer F.Fab)
      (effects (font (size 0.5 0.5) (thickness 0.075)))
    )
    (fp_line (start -0.7 -0.95) (end -0.7 1.5) (layer F.Fab) (width 0.1))
    (fp_line (start -0.15 -1.52) (end 0.7 -1.52) (layer F.Fab) (width 0.1))
    (fp_line (start -0.7 -0.95) (end -0.15 -1.52) (layer F.Fab) (width 0.1))
    (fp_line (start 0.7 -1.52) (end 0.7 1.52) (layer F.Fab) (width 0.1))
    (fp_line (start -0.7 1.52) (end 0.7 1.52) (layer F.Fab) (width 0.1))
    (fp_line (start 0.76 1.58) (end 0.76 0.65) (layer F.SilkS) (width 0.12))
    (fp_line (start 0.76 -1.58) (end 0.76 -0.65) (layer F.SilkS) (width 0.12))
    (fp_line (start -1.7 -1.75) (end 1.7 -1.75) (layer F.CrtYd) (width 0.05))
    (fp_line (start 1.7 -1.75) (end 1.7 1.75) (layer F.CrtYd) (width 0.05))
    (fp_line (start 1.7 1.75) (end -1.7 1.75) (layer F.CrtYd) (width 0.05))
    (fp_line (start -1.7 1.75) (end -1.7 -1.75) (layer F.CrtYd) (width 0.05))
    (fp_line (start 0.76 -1.58) (end -1.4 -1.58) (layer F.SilkS) (width 0.12))
    (fp_line (start 0.76 1.58) (end -0.7 1.58) (layer F.SilkS) (width 0.12))
    (pad 1 smd rect (at -1 -0.95 180) (size 0.9 0.8) (layers F.Cu F.Paste F.Mask))
    (pad 2 smd rect (at -1 0.95 180) (size 0.9 0.8) (layers F.Cu F.Paste F.Mask))
    (pad 3 smd rect (at 1 0 180) (size 0.9 0.8) (layers F.Cu F.Paste F.Mask))
    (model ${KISYS3DMOD}/TO_SOT_Packages_SMD.3dshapes/SOT-23.wrl
      (at (xyz 0 0 0))
      (scale (xyz 1 1 1))
      (rotate (xyz 0 0 0))
    )
  )

  (module TO_SOT_Packages_SMD:SOT-23 (layer F.Cu) (tedit 58CE4E7E) (tstamp 58F74FFF)
    (at 44 28)
    (descr "SOT-23, Standard")
    (tags SOT-23)
    (attr smd)
    (fp_text reference REF** (at 0 -2.5) (layer F.SilkS)
      (effects (font (size 1 1) (thickness 0.15)))
    )
    (fp_text value SOT-23 (at 0 2.5) (layer F.Fab)
      (effects (font (size 1 1) (thickness 0.15)))
    )
    (fp_line (start 0.76 1.58) (end -0.7 1.58) (layer F.SilkS) (width 0.12))
    (fp_line (start 0.76 -1.58) (end -1.4 -1.58) (layer F.SilkS) (width 0.12))
    (fp_line (start -1.7 1.75) (end -1.7 -1.75) (layer F.CrtYd) (width 0.05))
    (fp_line (start 1.7 1.75) (end -1.7 1.75) (layer F.CrtYd) (width 0.05))
    (fp_line (start 1.7 -1.75) (end 1.7 1.75) (layer F.CrtYd) (width 0.05))
    (fp_line (start -1.7 -1.75) (end 1.7 -1.75) (layer F.CrtYd) (width 0.05))
    (fp_line (start 0.76 -1.58) (end 0.76 -0.65) (layer F.SilkS) (width 0.12))
    (fp_line (start 0.76 1.58) (end 0.76 0.65) (layer F.SilkS) (width 0.12))
    (fp_line (start -0.7 1.52) (end 0.7 1.52) (layer F.Fab) (width 0.1))
    (fp_line (start 0.7 -1.52) (end 0.7 1.52) (layer F.Fab) (width 0.1))
    (fp_line (start -0.7 -0.95) (end -0.15 -1.52) (layer F.Fab) (width 0.1))
    (fp_line (start -0.15 -1.52) (end 0.7 -1.52) (layer F.Fab) (width 0.1))
    (fp_line (start -0.7 -0.95) (end -0.7 1.5) (layer F.Fab) (width 0.1))
    (fp_text user %R (at 0 0) (layer F.Fab)
      (effects (font (size 0.5 0.5) (thickness 0.075)))
    )
    (pad 3 smd rect (at 1 0) (size 0.9 0.8) (layers F.Cu F.Paste F.Mask))
    (pad 2 smd rect (at -1 0.95) (size 0.9 0.8) (layers F.Cu F.Paste F.Mask))
    (pad 1 smd rect (at -1 -0.95) (size 0.9 0.8) (layers F.Cu F.Paste F.Mask))
    (model ${KISYS3DMOD}/TO_SOT_Packages_SMD.3dshapes/SOT-23.wrl
      (at (xyz 0 0 0))
      (scale (xyz 1 1 1))
      (rotate (xyz 0 0 0))
    )
  )

  (module TO_SOT_Packages_SMD:SOT-23 (layer F.Cu) (tedit 58CE4E7E) (tstamp 58F74FEA)
    (at 51 32 180)
    (descr "SOT-23, Standard")
    (tags SOT-23)
    (attr smd)
    (fp_text reference REF** (at 0 -2.5 180) (layer F.SilkS)
      (effects (font (size 1 1) (thickness 0.15)))
    )
    (fp_text value SOT-23 (at 0 2.5 180) (layer F.Fab)
      (effects (font (size 1 1) (thickness 0.15)))
    )
    (fp_line (start 0.76 1.58) (end -0.7 1.58) (layer F.SilkS) (width 0.12))
    (fp_line (start 0.76 -1.58) (end -1.4 -1.58) (layer F.SilkS) (width 0.12))
    (fp_line (start -1.7 1.75) (end -1.7 -1.75) (layer F.CrtYd) (width 0.05))
    (fp_line (start 1.7 1.75) (end -1.7 1.75) (layer F.CrtYd) (width 0.05))
    (fp_line (start 1.7 -1.75) (end 1.7 1.75) (layer F.CrtYd) (width 0.05))
    (fp_line (start -1.7 -1.75) (end 1.7 -1.75) (layer F.CrtYd) (width 0.05))
    (fp_line (start 0.76 -1.58) (end 0.76 -0.65) (layer F.SilkS) (width 0.12))
    (fp_line (start 0.76 1.58) (end 0.76 0.65) (layer F.SilkS) (width 0.12))
    (fp_line (start -0.7 1.52) (end 0.7 1.52) (layer F.Fab) (width 0.1))
    (fp_line (start 0.7 -1.52) (end 0.7 1.52) (layer F.Fab) (width 0.1))
    (fp_line (start -0.7 -0.95) (end -0.15 -1.52) (layer F.Fab) (width 0.1))
    (fp_line (start -0.15 -1.52) (end 0.7 -1.52) (layer F.Fab) (width 0.1))
    (fp_line (start -0.7 -0.95) (end -0.7 1.5) (layer F.Fab) (width 0.1))
    (fp_text user %R (at 0 0 180) (layer F.Fab)
      (effects (font (size 0.5 0.5) (thickness 0.075)))
    )
    (pad 3 smd rect (at 1 0 180) (size 0.9 0.8) (layers F.Cu F.Paste F.Mask))
    (pad 2 smd rect (at -1 0.95 180) (size 0.9 0.8) (layers F.Cu F.Paste F.Mask))
    (pad 1 smd rect (at -1 -0.95 180) (size 0.9 0.8) (layers F.Cu F.Paste F.Mask))
    (model ${KISYS3DMOD}/TO_SOT_Packages_SMD.3dshapes/SOT-23.wrl
      (at (xyz 0 0 0))
      (scale (xyz 1 1 1))
      (rotate (xyz 0 0 0))
    )
  )

  (module TO_SOT_Packages_SMD:SOT-23 (layer F.Cu) (tedit 58CE4E7E) (tstamp 58F74FE8)
    (at 44 32)
    (descr "SOT-23, Standard")
    (tags SOT-23)
    (attr smd)
    (fp_text reference REF** (at 0 -2.5) (layer F.SilkS)
      (effects (font (size 1 1) (thickness 0.15)))
    )
    (fp_text value SOT-23 (at 0 2.5) (layer F.Fab)
      (effects (font (size 1 1) (thickness 0.15)))
    )
    (fp_text user %R (at 0 0) (layer F.Fab)
      (effects (font (size 0.5 0.5) (thickness 0.075)))
    )
    (fp_line (start -0.7 -0.95) (end -0.7 1.5) (layer F.Fab) (width 0.1))
    (fp_line (start -0.15 -1.52) (end 0.7 -1.52) (layer F.Fab) (width 0.1))
    (fp_line (start -0.7 -0.95) (end -0.15 -1.52) (layer F.Fab) (width 0.1))
    (fp_line (start 0.7 -1.52) (end 0.7 1.52) (layer F.Fab) (width 0.1))
    (fp_line (start -0.7 1.52) (end 0.7 1.52) (layer F.Fab) (width 0.1))
    (fp_line (start 0.76 1.58) (end 0.76 0.65) (layer F.SilkS) (width 0.12))
    (fp_line (start 0.76 -1.58) (end 0.76 -0.65) (layer F.SilkS) (width 0.12))
    (fp_line (start -1.7 -1.75) (end 1.7 -1.75) (layer F.CrtYd) (width 0.05))
    (fp_line (start 1.7 -1.75) (end 1.7 1.75) (layer F.CrtYd) (width 0.05))
    (fp_line (start 1.7 1.75) (end -1.7 1.75) (layer F.CrtYd) (width 0.05))
    (fp_line (start -1.7 1.75) (end -1.7 -1.75) (layer F.CrtYd) (width 0.05))
    (fp_line (start 0.76 -1.58) (end -1.4 -1.58) (layer F.SilkS) (width 0.12))
    (fp_line (start 0.76 1.58) (end -0.7 1.58) (layer F.SilkS) (width 0.12))
    (pad 1 smd rect (at -1 -0.95) (size 0.9 0.8) (layers F.Cu F.Paste F.Mask))
    (pad 2 smd rect (at -1 0.95) (size 0.9 0.8) (layers F.Cu F.Paste F.Mask))
    (pad 3 smd rect (at 1 0) (size 0.9 0.8) (layers F.Cu F.Paste F.Mask))
    (model ${KISYS3DMOD}/TO_SOT_Packages_SMD.3dshapes/SOT-23.wrl
      (at (xyz 0 0 0))
      (scale (xyz 1 1 1))
      (rotate (xyz 0 0 0))
    )
  )

  (gr_text 0.500mm (at 59 36) (layer F.Cu) (tstamp 58F75279)
    (effects (font (size 1.5 1.5) (thickness 0.3)))
  )
  (gr_text 1.000mm (at 59 44) (layer F.Cu)
    (effects (font (size 1.5 1.5) (thickness 0.3)))
  )
  (gr_text 0.750mm (at 59 40) (layer F.Cu)
    (effects (font (size 1.5 1.5) (thickness 0.3)))
  )
  (gr_text 0.250mm (at 59 32) (layer F.Cu)
    (effects (font (size 1.5 1.5) (thickness 0.3)))
  )
  (gr_text 0.125mm (at 59 28) (layer F.Cu)
    (effects (font (size 1.5 1.5) (thickness 0.3)))
  )
  (dimension 31 (width 0.3) (layer F.SilkS)
    (gr_text "31.000 mm" (at 35.65 41.5 270) (layer F.SilkS) (tstamp 58F7C5E4)
      (effects (font (size 1.5 1.5) (thickness 0.3)))
    )
    (feature1 (pts (xy 40 57) (xy 34.3 57)))
    (feature2 (pts (xy 40 26) (xy 34.3 26)))
    (crossbar (pts (xy 37 26) (xy 37 57)))
    (arrow1a (pts (xy 37 57) (xy 36.413579 55.873496)))
    (arrow1b (pts (xy 37 57) (xy 37.586421 55.873496)))
    (arrow2a (pts (xy 37 26) (xy 36.413579 27.126504)))
    (arrow2b (pts (xy 37 26) (xy 37.586421 27.126504)))
  )
  (dimension 22 (width 0.3) (layer F.SilkS)
    (gr_text "22.000 mm" (at 53 20.65) (layer F.SilkS) (tstamp 58F7C5E5)
      (effects (font (size 1.5 1.5) (thickness 0.3)))
    )
    (feature1 (pts (xy 64 24) (xy 64 19.3)))
    (feature2 (pts (xy 42 24) (xy 42 19.3)))
    (crossbar (pts (xy 42 22) (xy 64 22)))
    (arrow1a (pts (xy 64 22) (xy 62.873496 22.586421)))
    (arrow1b (pts (xy 64 22) (xy 62.873496 21.413579)))
    (arrow2a (pts (xy 42 22) (xy 43.126504 22.586421)))
    (arrow2b (pts (xy 42 22) (xy 43.126504 21.413579)))
  )

  (segment (start 48.7 51.905) (end 49.905 51.905) (width 0.25) (layer F.Cu) (net 0))
  (segment (start 49.905 51.905) (end 50.2 52.2) (width 0.25) (layer F.Cu) (net 0))
  (segment (start 50.2 52.2) (end 52.75 52.2) (width 0.25) (layer F.Cu) (net 0))
  (segment (start 50.365 50.635) (end 51.2 49.8) (width 0.25) (layer F.Cu) (net 0))
  (segment (start 51.2 49.8) (end 52.75 49.8) (width 0.25) (layer F.Cu) (net 0))
  (segment (start 48.7 50.635) (end 50.365 50.635) (width 0.25) (layer F.Cu) (net 0))
  (segment (start 50.09 49) (end 52.75 49) (width 0.25) (layer F.Cu) (net 0))
  (segment (start 48.7 49.365) (end 49.725 49.365) (width 0.25) (layer F.Cu) (net 0))
  (segment (start 49.725 49.365) (end 50.09 49) (width 0.25) (layer F.Cu) (net 0))
  (segment (start 48.7 48.095) (end 52.645 48.095) (width 0.25) (layer F.Cu) (net 0))
  (segment (start 52.645 48.095) (end 52.75 48.2) (width 0.25) (layer F.Cu) (net 0))
  (segment (start 45 36) (end 50 36) (width 0.5) (layer F.Cu) (net 0) (tstamp 58F752A2))
  (segment (start 45 44) (end 50 44) (width 1) (layer F.Cu) (net 0) (tstamp 58F7512F))
  (segment (start 45 40) (end 50 40) (width 0.75) (layer F.Cu) (net 0) (tstamp 58F75085))
  (segment (start 45 28) (end 50 28) (width 0.125) (layer F.Cu) (net 0) (tstamp 58F75027))
  (segment (start 45 32) (end 50 32) (width 0.25) (layer F.Cu) (net 0))

)
